92 279
#atributes:
27 28 36 43 44 
28 35 27 29 37 43 44 45 
25 32 24 41 26 34 42 
26 33 25 41 42 87 88 89 
29 36 28 30 38 44 45 46 
30 37 29 31 45 46 47 
35 36 44 72 73 
34 41 33 49 50 88 89 90 
33 32 49 34 42 50 
85 18 10 26 87 126 127 128 
86 26 18 34 88 127 128 129 
71 10 85 125 126 
84 10 71 18 86 125 126 127 
62 66 61 94 135 
84 85 126 
61 65 60 62 67 
125 85 84 86 127 
126 86 85 87 128 
68 7 8 70 9 
127 87 86 88 129 
52 6 7 69 8 
15 14 31 16 24 32 
16 23 15 31 32 17 25 33 
17 24 16 32 33 18 26 34 
128 88 87 89 130 
18 25 17 33 34 86 87 88 
19 20 28 35 36 
20 27 19 29 35 36 37 
28 20 30 36 37 38 
1 51 5 
2 
29 31 37 38 
68 6 52 14 15 69 8 16 
52 5 51 13 14 68 7 15 
51 2 13 52 6 14 
24 31 23 25 33 41 
23 30 24 32 38 
69 8 9 71 10 
70 8 69 16 17 71 10 18 
70 9 10 84 85 
43 44 73 92 93 
69 7 68 15 16 70 9 17 
44 72 43 45 53 92 93 58 
50 49 90 91 62 94 
93 133 92 58 63 
94 67 62 98 
131 91 90 96 
92 93 134 
54 58 53 55 60 63 64 65 
53 93 73 54 59 134 63 64 
48 55 47 49 60 61 62 
11 12 20 27 28 
47 54 46 48 56 59 60 61 
9 16 8 24 25 10 18 26 
10 17 9 25 26 85 86 87 
7 14 6 23 8 16 24 
8 15 7 23 24 9 17 25 
5 12 6 14 20 
6 13 5 7 15 23 
12 19 20 
11 13 19 20 
12 19 11 13 27 28 29 
59 63 58 60 65 
60 64 59 61 66 
61 56 74 94 66 67 135 
58 134 93 59 64 
96 98 
130 90 89 91 132 
55 59 54 56 61 64 65 66 
129 89 88 90 131 
56 60 55 62 65 66 67 
135 94 99 
41 48 42 50 56 74 
47 49 55 56 
132 91 99 
74 62 67 135 98 
37 44 36 38 46 73 53 54 
73 92 72 53 58 133 134 63 
36 43 35 37 45 72 73 53 
72 73 93 133 134 
46 38 48 54 55 56 
90 74 50 131 132 96 
38 45 37 47 53 54 55 
89 50 42 74 91 130 131 132 
71 9 70 17 18 84 85 86 
2 5 52 6 
51 5 6 68 7 
45 73 44 46 54 93 58 59 
46 53 45 47 55 58 59 60 
87 34 26 42 89 128 129 130 
88 42 34 50 90 129 130 131 
42 49 41 74 89 90 91 
